 # Once                                                             FEFF 9.9.1
 # POT  SCF 100  5.0000   0, core-hole, AFOLP (folp(0)= 1.150)
 # Abs   Z=29 Rmt= 1.449 Rnm= 1.502 K  shell
 # Pot 1 Z=29 Rmt= 1.354 Rnm= 1.391
 # Gam_ch=1.729E+00 H-L exch Vi= 0.000E+00 Vr= 0.000E+00
 # Mu=-8.102E+00eV kf=1.979E+00 Vint=-1.705E+01eV Rs_int= 1.832
 # PATH  Rmax= 9.000,  Keep_limit= 0.00, Heap_limit 0.00  Pwcrit= 2.50%
 Path   25      icalc       2
 -----------------------------------------------------------------------
   3  96.000   6.3409    2.6317   -8.10205 nleg, deg, reff, rnrmav(bohr), edge
        x         y         z   pot at#
    -0.0000   -0.0000   -0.0000  0  29 Cu       absorbing atom
     5.4150   -0.0000   -1.8050  1  29 Cu    
     1.8050   -1.8050   -0.0000  1  29 Cu    
    k   real[2*phc]   mag[feff]  phase[feff] red factor   lambda     real[p]@#
 -0.000  3.8196E+00  0.0000E+00 -6.5185E+00  9.613E-01  1.3521E+01  1.5341E+00
  0.100  3.8212E+00  5.3763E-03 -7.7473E+00  9.616E-01  1.3548E+01  1.5372E+00
  0.200  3.8261E+00  1.0407E-02 -8.8980E+00  9.626E-01  1.3629E+01  1.5465E+00
  0.300  3.8339E+00  1.4820E-02 -9.9728E+00  9.643E-01  1.3758E+01  1.5619E+00
  0.400  3.8442E+00  1.8464E-02 -1.0974E+01  9.666E-01  1.3928E+01  1.5833E+00
  0.500  3.8565E+00  2.1310E-02 -1.1906E+01  9.695E-01  1.4129E+01  1.6103E+00
  0.600  3.8700E+00  2.3420E-02 -1.2771E+01  9.729E-01  1.4348E+01  1.6427E+00
  0.700  3.8839E+00  2.4910E-02 -1.3572E+01  9.768E-01  1.4570E+01  1.6803E+00
  0.800  3.8973E+00  2.5910E-02 -1.4312E+01  9.811E-01  1.4779E+01  1.7228E+00
  0.900  3.9094E+00  2.6537E-02 -1.4991E+01  9.859E-01  1.4957E+01  1.7698E+00
  1.000  3.9191E+00  2.6902E-02 -1.5611E+01  9.910E-01  1.5089E+01  1.8212E+00
  1.100  3.9257E+00  2.7092E-02 -1.6175E+01  9.965E-01  1.5163E+01  1.8765E+00
  1.200  3.9283E+00  2.7182E-02 -1.6683E+01  1.002E+00  1.5169E+01  1.9357E+00
  1.300  3.9263E+00  2.7244E-02 -1.7136E+01  1.009E+00  1.5102E+01  1.9985E+00
  1.400  3.9190E+00  2.7343E-02 -1.7537E+01  1.015E+00  1.4963E+01  2.0648E+00
  1.500  3.9058E+00  2.7542E-02 -1.7887E+01  1.022E+00  1.4759E+01  2.1344E+00
  1.600  3.8864E+00  2.7888E-02 -1.8190E+01  1.029E+00  1.4500E+01  2.2073E+00
  1.700  3.8603E+00  2.8414E-02 -1.8449E+01  1.036E+00  1.4201E+01  2.2834E+00
  1.800  3.8273E+00  2.9120E-02 -1.8668E+01  1.044E+00  1.3881E+01  2.3628E+00
  1.900  3.7871E+00  2.9968E-02 -1.8848E+01  1.051E+00  1.3557E+01  2.4453E+00
  2.000  3.7394E+00  3.0892E-02 -1.8991E+01  1.058E+00  1.3252E+01  2.5313E+00
  2.200  3.6214E+00  3.2378E-02 -1.9154E+01  1.069E+00  1.2783E+01  2.7137E+00
  2.400  3.4300E+00  3.1931E-02 -1.9004E+01  1.104E+00  1.0874E+01  2.9280E+00
  2.600  3.3513E+00  3.4341E-02 -1.9302E+01  1.267E+00  6.6349E+00  3.1006E+00
  2.800  3.3443E+00  3.2313E-02 -1.9941E+01  1.307E+00  5.7967E+00  3.2412E+00
  3.000  3.3016E+00  3.0166E-02 -2.0465E+01  1.315E+00  5.4084E+00  3.3917E+00
  3.200  3.2405E+00  2.6826E-02 -2.0870E+01  1.307E+00  5.2492E+00  3.5486E+00
  3.400  3.1677E+00  2.3730E-02 -2.1130E+01  1.292E+00  5.2129E+00  3.7108E+00
  3.600  3.0878E+00  2.1783E-02 -2.1233E+01  1.271E+00  5.2534E+00  3.8775E+00
  3.800  3.0014E+00  2.2514E-02 -2.1233E+01  1.249E+00  5.3467E+00  4.0483E+00
  4.000  2.9105E+00  2.6093E-02 -2.1235E+01  1.228E+00  5.4790E+00  4.2226E+00
  4.200  2.8172E+00  3.1267E-02 -2.1302E+01  1.208E+00  5.6418E+00  4.4000E+00
  4.400  2.7207E+00  3.7021E-02 -2.1418E+01  1.187E+00  5.8291E+00  4.5801E+00
  4.600  2.6221E+00  4.2410E-02 -2.1564E+01  1.169E+00  6.0370E+00  4.7626E+00
  4.800  2.5215E+00  4.6470E-02 -2.1718E+01  1.153E+00  6.2625E+00  4.9470E+00
  5.000  2.4194E+00  4.9752E-02 -2.1881E+01  1.134E+00  6.5036E+00  5.1333E+00
  5.200  2.3162E+00  5.1666E-02 -2.2046E+01  1.118E+00  6.7585E+00  5.3211E+00
  5.400  2.2127E+00  5.2065E-02 -2.2209E+01  1.104E+00  7.0260E+00  5.5102E+00
  5.600  2.1100E+00  5.1408E-02 -2.2376E+01  1.089E+00  7.3048E+00  5.7004E+00
  5.800  2.0086E+00  4.9553E-02 -2.2547E+01  1.076E+00  7.5944E+00  5.8918E+00
  6.000  1.9087E+00  4.6717E-02 -2.2723E+01  1.064E+00  7.8938E+00  6.0840E+00
  6.500  1.6687E+00  3.7242E-02 -2.3220E+01  1.039E+00  8.6819E+00  6.5677E+00
  7.000  1.4402E+00  2.8773E-02 -2.3847E+01  1.020E+00  9.5214E+00  7.0550E+00
  7.500  1.2205E+00  2.5450E-02 -2.4557E+01  1.006E+00  1.0407E+01  7.5451E+00
  8.000  1.0037E+00  2.6589E-02 -2.5160E+01  9.927E-01  1.1336E+01  8.0371E+00
  8.500  7.9950E-01  2.8366E-02 -2.5592E+01  9.819E-01  1.2304E+01  8.5307E+00
  9.000  6.0727E-01  2.8738E-02 -2.5904E+01  9.731E-01  1.3309E+01  9.0255E+00
  9.500  4.2579E-01  2.7515E-02 -2.6145E+01  9.656E-01  1.4351E+01  9.5212E+00
 10.000  2.5025E-01  2.5419E-02 -2.6331E+01  9.573E-01  1.5426E+01  1.0018E+01
 11.000 -8.9275E-02  2.1094E-02 -2.6577E+01  9.418E-01  1.7675E+01  1.1012E+01
 12.000 -4.0210E-01  1.8036E-02 -2.6755E+01  9.325E-01  2.0046E+01  1.2008E+01
 13.000 -6.9236E-01  1.5655E-02 -2.6953E+01  9.274E-01  2.2532E+01  1.3005E+01
 14.000 -9.6011E-01  1.3269E-02 -2.7184E+01  9.246E-01  2.5128E+01  1.4003E+01
 15.000 -1.2079E+00  1.0814E-02 -2.7420E+01  9.240E-01  2.7828E+01  1.5001E+01
 16.000 -1.4391E+00  8.6167E-03 -2.7634E+01  9.240E-01  3.0628E+01  1.6000E+01
 17.000 -1.6533E+00  6.8455E-03 -2.7829E+01  9.250E-01  3.3524E+01  1.6999E+01
 18.000 -1.8543E+00  5.4791E-03 -2.8002E+01  9.261E-01  3.6511E+01  1.7998E+01
 19.000 -2.0419E+00  4.4676E-03 -2.8154E+01  9.276E-01  3.9587E+01  1.8998E+01
 20.000 -2.2181E+00  3.7125E-03 -2.8298E+01  9.291E-01  4.2748E+01  1.9997E+01
