 # Once                                                             FEFF 9.9.1
 # POT  SCF 100  5.0000   0, core-hole, AFOLP (folp(0)= 1.150)
 # Abs   Z=29 Rmt= 1.449 Rnm= 1.502 K  shell
 # Pot 1 Z=29 Rmt= 1.354 Rnm= 1.391
 # Gam_ch=1.729E+00 H-L exch Vi= 0.000E+00 Vr= 0.000E+00
 # Mu=-8.102E+00eV kf=1.979E+00 Vint=-1.705E+01eV Rs_int= 1.832
 # PATH  Rmax= 9.000,  Keep_limit= 0.00, Heap_limit 0.00  Pwcrit= 2.50%
 Path   73      icalc       2
 -----------------------------------------------------------------------
   2  24.000   8.8427    2.6317   -8.10205 nleg, deg, reff, rnrmav(bohr), edge
        x         y         z   pot at#
    -0.0000   -0.0000   -0.0000  0  29 Cu       absorbing atom
     3.6100    3.6100    7.2200  1  29 Cu    
    k   real[2*phc]   mag[feff]  phase[feff] red factor   lambda     real[p]@#
 -0.000  3.8196E+00  0.0000E+00 -7.5946E-01  9.613E-01  1.3521E+01  1.5341E+00
  0.100  3.8212E+00  4.8745E-02 -2.4731E+00  9.616E-01  1.3548E+01  1.5372E+00
  0.200  3.8261E+00  9.6512E-02 -4.0780E+00  9.626E-01  1.3629E+01  1.5465E+00
  0.300  3.8339E+00  1.4247E-01 -5.5763E+00  9.643E-01  1.3758E+01  1.5619E+00
  0.400  3.8442E+00  1.8604E-01 -6.9719E+00  9.666E-01  1.3928E+01  1.5833E+00
  0.500  3.8565E+00  2.2691E-01 -8.2691E+00  9.695E-01  1.4129E+01  1.6103E+00
  0.600  3.8700E+00  2.6498E-01 -9.4729E+00  9.729E-01  1.4348E+01  1.6427E+00
  0.700  3.8839E+00  3.0030E-01 -1.0588E+01  9.768E-01  1.4570E+01  1.6803E+00
  0.800  3.8973E+00  3.3294E-01 -1.1621E+01  9.811E-01  1.4779E+01  1.7228E+00
  0.900  3.9094E+00  3.6294E-01 -1.2574E+01  9.859E-01  1.4957E+01  1.7698E+00
  1.000  3.9191E+00  3.9027E-01 -1.3454E+01  9.910E-01  1.5089E+01  1.8212E+00
  1.100  3.9257E+00  4.1485E-01 -1.4264E+01  9.965E-01  1.5163E+01  1.8765E+00
  1.200  3.9283E+00  4.3649E-01 -1.5007E+01  1.002E+00  1.5169E+01  1.9357E+00
  1.300  3.9263E+00  4.5500E-01 -1.5688E+01  1.009E+00  1.5102E+01  1.9985E+00
  1.400  3.9190E+00  4.7015E-01 -1.6308E+01  1.015E+00  1.4963E+01  2.0648E+00
  1.500  3.9058E+00  4.8175E-01 -1.6869E+01  1.022E+00  1.4759E+01  2.1344E+00
  1.600  3.8864E+00  4.8965E-01 -1.7372E+01  1.029E+00  1.4500E+01  2.2073E+00
  1.700  3.8603E+00  4.9374E-01 -1.7818E+01  1.036E+00  1.4201E+01  2.2834E+00
  1.800  3.8273E+00  4.9399E-01 -1.8205E+01  1.044E+00  1.3881E+01  2.3628E+00
  1.900  3.7871E+00  4.9045E-01 -1.8534E+01  1.051E+00  1.3557E+01  2.4453E+00
  2.000  3.7394E+00  4.8320E-01 -1.8800E+01  1.058E+00  1.3252E+01  2.5313E+00
  2.200  3.6214E+00  4.5799E-01 -1.9134E+01  1.069E+00  1.2783E+01  2.7137E+00
  2.400  3.4300E+00  4.0304E-01 -1.8887E+01  1.104E+00  1.0874E+01  2.9280E+00
  2.600  3.3513E+00  3.5856E-01 -1.9469E+01  1.267E+00  6.6349E+00  3.1006E+00
  2.800  3.3443E+00  3.3905E-01 -2.0578E+01  1.307E+00  5.7967E+00  3.2412E+00
  3.000  3.3016E+00  3.1560E-01 -2.1461E+01  1.315E+00  5.4084E+00  3.3917E+00
  3.200  3.2405E+00  2.8788E-01 -2.2179E+01  1.307E+00  5.2492E+00  3.5486E+00
  3.400  3.1677E+00  2.6181E-01 -2.2740E+01  1.292E+00  5.2129E+00  3.7108E+00
  3.600  3.0878E+00  2.4139E-01 -2.3153E+01  1.271E+00  5.2534E+00  3.8775E+00
  3.800  3.0014E+00  2.3344E-01 -2.3429E+01  1.249E+00  5.3467E+00  4.0483E+00
  4.000  2.9105E+00  2.4211E-01 -2.3613E+01  1.228E+00  5.4790E+00  4.2226E+00
  4.200  2.8172E+00  2.6831E-01 -2.3762E+01  1.208E+00  5.6418E+00  4.4000E+00
  4.400  2.7207E+00  3.0844E-01 -2.3912E+01  1.187E+00  5.8291E+00  4.5801E+00
  4.600  2.6221E+00  3.5650E-01 -2.4071E+01  1.169E+00  6.0370E+00  4.7626E+00
  4.800  2.5215E+00  4.0644E-01 -2.4227E+01  1.153E+00  6.2625E+00  4.9470E+00
  5.000  2.4194E+00  4.5976E-01 -2.4385E+01  1.134E+00  6.5036E+00  5.1333E+00
  5.200  2.3162E+00  5.1146E-01 -2.4536E+01  1.118E+00  6.7585E+00  5.3211E+00
  5.400  2.2127E+00  5.6022E-01 -2.4675E+01  1.104E+00  7.0260E+00  5.5102E+00
  5.600  2.1100E+00  6.0761E-01 -2.4807E+01  1.089E+00  7.3048E+00  5.7004E+00
  5.800  2.0086E+00  6.5069E-01 -2.4928E+01  1.076E+00  7.5944E+00  5.8918E+00
  6.000  1.9087E+00  6.8912E-01 -2.5039E+01  1.064E+00  7.8938E+00  6.0840E+00
  6.500  1.6687E+00  7.5939E-01 -2.5279E+01  1.039E+00  8.6819E+00  6.5677E+00
  7.000  1.4402E+00  7.9236E-01 -2.5479E+01  1.020E+00  9.5214E+00  7.0550E+00
  7.500  1.2205E+00  7.9609E-01 -2.5648E+01  1.006E+00  1.0407E+01  7.5451E+00
  8.000  1.0037E+00  7.8233E-01 -2.5796E+01  9.927E-01  1.1336E+01  8.0371E+00
  8.500  7.9950E-01  7.5328E-01 -2.5929E+01  9.819E-01  1.2304E+01  8.5307E+00
  9.000  6.0727E-01  7.1177E-01 -2.6051E+01  9.731E-01  1.3309E+01  9.0255E+00
  9.500  4.2579E-01  6.6231E-01 -2.6168E+01  9.656E-01  1.4351E+01  9.5212E+00
 10.000  2.5025E-01  6.1232E-01 -2.6283E+01  9.573E-01  1.5426E+01  1.0018E+01
 11.000 -8.9275E-02  5.2007E-01 -2.6500E+01  9.418E-01  1.7675E+01  1.1012E+01
 12.000 -4.0210E-01  4.3432E-01 -2.6708E+01  9.325E-01  2.0046E+01  1.2008E+01
 13.000 -6.9236E-01  3.6350E-01 -2.6914E+01  9.274E-01  2.2532E+01  1.3005E+01
 14.000 -9.6011E-01  3.0528E-01 -2.7119E+01  9.246E-01  2.5128E+01  1.4003E+01
 15.000 -1.2079E+00  2.5852E-01 -2.7331E+01  9.240E-01  2.7828E+01  1.5001E+01
 16.000 -1.4391E+00  2.2236E-01 -2.7548E+01  9.240E-01  3.0628E+01  1.6000E+01
 17.000 -1.6533E+00  1.9368E-01 -2.7769E+01  9.250E-01  3.3524E+01  1.6999E+01
 18.000 -1.8543E+00  1.7145E-01 -2.7979E+01  9.261E-01  3.6511E+01  1.7998E+01
 19.000 -2.0419E+00  1.5392E-01 -2.8185E+01  9.276E-01  3.9587E+01  1.8998E+01
 20.000 -2.2181E+00  1.4076E-01 -2.8387E+01  9.291E-01  4.2748E+01  1.9997E+01
