 # Once                                                             FEFF 9.9.1
 # POT  SCF 100  5.0000   0, core-hole, AFOLP (folp(0)= 1.150)
 # Abs   Z=92 Rmt= 1.631 Rnm= 1.711 L3 shell
 # Pot 1 Z=92 Rmt= 1.636 Rnm= 1.717
 # Pot 2 Z= 8 Rmt= 1.044 Rnm= 1.096
 # Gam_ch=8.104E+00 H-L exch Vi= 0.000E+00 Vr= 0.000E+00
 # Mu=-8.539E+00eV kf=2.111E+00 Vint=-1.836E+01eV Rs_int= 1.718
 # PATH  Rmax= 5.000,  Keep_limit= 0.00, Heap_limit 0.00  Pwcrit= 2.50%
 Path    5      icalc       2
 -----------------------------------------------------------------------
   3  48.000   4.3011    2.5893   -8.53908 nleg, deg, reff, rnrmav(bohr), edge
        x         y         z   pot at#
    -0.0000   -0.0000   -0.0000  0  92 U        absorbing atom
    -0.0000    2.7341   -2.7341  1  92 U     
    -1.3671    1.3671   -1.3671  2   8 O     
    k   real[2*phc]   mag[feff]  phase[feff] red factor   lambda     real[p]@#
 -0.000  1.6175E+01  0.0000E+00 -1.4640E+01  3.325E-01  3.0801E+00  1.6379E+00
  0.100  1.6170E+01  3.8391E-02 -1.5465E+01  3.383E-01  3.0854E+00  1.6407E+00
  0.200  1.6154E+01  7.6015E-02 -1.6221E+01  3.554E-01  3.1011E+00  1.6491E+00
  0.300  1.6133E+01  1.1180E-01 -1.6911E+01  3.838E-01  3.1271E+00  1.6630E+00
  0.400  1.6111E+01  1.4436E-01 -1.7539E+01  4.229E-01  3.1628E+00  1.6824E+00
  0.500  1.6090E+01  1.7224E-01 -1.8110E+01  4.718E-01  3.2076E+00  1.7070E+00
  0.600  1.6074E+01  1.9424E-01 -1.8627E+01  5.290E-01  3.2607E+00  1.7368E+00
  0.700  1.6062E+01  2.0953E-01 -1.9091E+01  5.925E-01  3.3213E+00  1.7714E+00
  0.800  1.6054E+01  2.1783E-01 -1.9505E+01  6.600E-01  3.3881E+00  1.8107E+00
  0.900  1.6048E+01  2.1909E-01 -1.9877E+01  7.289E-01  3.4602E+00  1.8544E+00
  1.000  1.6043E+01  2.1403E-01 -2.0212E+01  7.966E-01  3.5361E+00  1.9024E+00
  1.100  1.6036E+01  2.0399E-01 -2.0519E+01  8.611E-01  3.6148E+00  1.9544E+00
  1.200  1.6026E+01  1.9065E-01 -2.0806E+01  9.207E-01  3.6950E+00  2.0102E+00
  1.300  1.6011E+01  1.7553E-01 -2.1078E+01  9.742E-01  3.7754E+00  2.0695E+00
  1.400  1.5991E+01  1.5977E-01 -2.1340E+01  1.021E+00  3.8549E+00  2.1324E+00
  1.500  1.5964E+01  1.4392E-01 -2.1593E+01  1.062E+00  3.9327E+00  2.1986E+00
  1.600  1.5930E+01  1.2813E-01 -2.1839E+01  1.096E+00  4.0079E+00  2.2679E+00
  1.700  1.5890E+01  1.1245E-01 -2.2077E+01  1.124E+00  4.0802E+00  2.3404E+00
  1.800  1.5842E+01  9.6912E-02 -2.2305E+01  1.147E+00  4.1496E+00  2.4160E+00
  1.900  1.5787E+01  8.1511E-02 -2.2522E+01  1.164E+00  4.2163E+00  2.4946E+00
  2.000  1.5726E+01  6.6334E-02 -2.2727E+01  1.178E+00  4.2812E+00  2.5763E+00
  2.200  1.5587E+01  3.6514E-02 -2.3121E+01  1.190E+00  4.4121E+00  2.7492E+00
  2.400  1.5405E+01  1.8968E-02 -2.3619E+01  1.183E+00  4.5665E+00  2.9404E+00
  2.600  1.5182E+01  5.0502E-03 -2.3604E+01  1.298E+00  3.9639E+00  3.1507E+00
  2.800  1.5098E+01  1.1566E-02 -2.0437E+01  1.399E+00  3.5431E+00  3.3061E+00
  3.000  1.5053E+01  2.4753E-02 -2.0779E+01  1.441E+00  3.3893E+00  3.4489E+00
  3.200  1.4989E+01  3.3088E-02 -2.1032E+01  1.454E+00  3.3349E+00  3.6024E+00
  3.400  1.4921E+01  4.0723E-02 -2.1201E+01  1.452E+00  3.3395E+00  3.7611E+00
  3.600  1.4849E+01  5.0192E-02 -2.1324E+01  1.439E+00  3.3820E+00  3.9244E+00
  3.800  1.4772E+01  6.1066E-02 -2.1457E+01  1.421E+00  3.4508E+00  4.0919E+00
  4.000  1.4692E+01  7.0631E-02 -2.1617E+01  1.400E+00  3.5395E+00  4.2631E+00
  4.200  1.4605E+01  7.7565E-02 -2.1785E+01  1.375E+00  3.6437E+00  4.4377E+00
  4.400  1.4512E+01  8.0155E-02 -2.1955E+01  1.350E+00  3.7605E+00  4.6151E+00
  4.600  1.4411E+01  7.8501E-02 -2.2116E+01  1.320E+00  3.8878E+00  4.7951E+00
  4.800  1.4303E+01  7.2806E-02 -2.2265E+01  1.293E+00  4.0241E+00  4.9773E+00
  5.000  1.4190E+01  6.4704E-02 -2.2399E+01  1.263E+00  4.1682E+00  5.1615E+00
  5.200  1.4071E+01  5.4959E-02 -2.2517E+01  1.237E+00  4.3192E+00  5.3474E+00
  5.400  1.3950E+01  4.5179E-02 -2.2623E+01  1.210E+00  4.4763E+00  5.5348E+00
  5.600  1.3827E+01  3.5954E-02 -2.2715E+01  1.186E+00  4.6390E+00  5.7236E+00
  5.800  1.3705E+01  2.7922E-02 -2.2794E+01  1.164E+00  4.8067E+00  5.9135E+00
  6.000  1.3583E+01  2.1142E-02 -2.2863E+01  1.146E+00  4.9790E+00  6.1044E+00
  6.500  1.3286E+01  9.5995E-03 -2.2986E+01  1.107E+00  5.4276E+00  6.5853E+00
  7.000  1.2995E+01  3.7783E-03 -2.3016E+01  1.078E+00  5.8986E+00  7.0704E+00
  7.500  1.2708E+01  3.0735E-03 -2.2842E+01  1.054E+00  6.3888E+00  7.5586E+00
  8.000  1.2429E+01  5.7451E-03 -2.3153E+01  1.034E+00  6.8958E+00  8.0491E+00
  8.500  1.2164E+01  9.1802E-03 -2.3551E+01  1.018E+00  7.4178E+00  8.5415E+00
  9.000  1.1910E+01  1.1636E-02 -2.3867E+01  1.007E+00  7.9535E+00  9.0352E+00
  9.500  1.1663E+01  1.3060E-02 -2.4086E+01  9.959E-01  8.5016E+00  9.5299E+00
 10.000  1.1423E+01  1.4290E-02 -2.4262E+01  9.848E-01  9.0611E+00  1.0026E+01
 11.000  1.0966E+01  1.4774E-02 -2.4634E+01  9.663E-01  1.0211E+01  1.1019E+01
 12.000  1.0535E+01  1.3035E-02 -2.4937E+01  9.541E-01  1.1399E+01  1.2014E+01
 13.000  1.0131E+01  1.0796E-02 -2.5288E+01  9.446E-01  1.2619E+01  1.3010E+01
 14.000  9.7518E+00  8.0573E-03 -2.5661E+01  9.394E-01  1.3869E+01  1.4008E+01
 15.000  9.3953E+00  5.3811E-03 -2.6015E+01  9.355E-01  1.5146E+01  1.5005E+01
 16.000  9.0608E+00  4.2589E-03 -2.6377E+01  9.335E-01  1.6447E+01  1.6004E+01
 17.000  8.7445E+00  3.6987E-03 -2.7071E+01  9.322E-01  1.7771E+01  1.7003E+01
 18.000  8.4455E+00  3.5301E-03 -2.7841E+01  9.319E-01  1.9115E+01  1.8002E+01
 19.000  8.1633E+00  3.8649E-03 -2.8580E+01  9.320E-01  2.0479E+01  1.9001E+01
 20.000  7.8959E+00  4.1324E-03 -2.9206E+01  9.320E-01  2.1861E+01  2.0000E+01
