 # Once                                                             FEFF 9.9.1
 # POT  SCF 100  5.0000   0, core-hole, AFOLP (folp(0)= 1.150)
 # Abs   Z=92 Rmt= 1.631 Rnm= 1.711 L3 shell
 # Pot 1 Z=92 Rmt= 1.636 Rnm= 1.717
 # Pot 2 Z= 8 Rmt= 1.044 Rnm= 1.096
 # Gam_ch=8.104E+00 H-L exch Vi= 0.000E+00 Vr= 0.000E+00
 # Mu=-8.539E+00eV kf=2.111E+00 Vint=-1.836E+01eV Rs_int= 1.718
 # PATH  Rmax= 5.000,  Keep_limit= 0.00, Heap_limit 0.00  Pwcrit= 2.50%
 Path   11      icalc       2
 -----------------------------------------------------------------------
   3  48.000   4.8179    2.5893   -8.53908 nleg, deg, reff, rnrmav(bohr), edge
        x         y         z   pot at#
    -0.0000   -0.0000   -0.0000  0  92 U        absorbing atom
     1.3671   -1.3671    4.1011  2   8 O     
     1.3671   -1.3671    1.3671  2   8 O     
    k   real[2*phc]   mag[feff]  phase[feff] red factor   lambda     real[p]@#
 -0.000  1.6175E+01  0.0000E+00 -1.3938E+01  3.325E-01  3.0801E+00  1.6379E+00
  0.100  1.6170E+01  5.8566E-02 -1.4868E+01  3.383E-01  3.0854E+00  1.6407E+00
  0.200  1.6154E+01  1.1683E-01 -1.5732E+01  3.554E-01  3.1011E+00  1.6491E+00
  0.300  1.6133E+01  1.7397E-01 -1.6534E+01  3.838E-01  3.1271E+00  1.6630E+00
  0.400  1.6111E+01  2.2847E-01 -1.7281E+01  4.229E-01  3.1628E+00  1.6824E+00
  0.500  1.6090E+01  2.7854E-01 -1.7976E+01  4.718E-01  3.2076E+00  1.7070E+00
  0.600  1.6074E+01  3.2256E-01 -1.8625E+01  5.290E-01  3.2607E+00  1.7368E+00
  0.700  1.6062E+01  3.5939E-01 -1.9231E+01  5.925E-01  3.3213E+00  1.7714E+00
  0.800  1.6054E+01  3.8847E-01 -1.9797E+01  6.600E-01  3.3881E+00  1.8107E+00
  0.900  1.6048E+01  4.0977E-01 -2.0326E+01  7.289E-01  3.4602E+00  1.8544E+00
  1.000  1.6043E+01  4.2367E-01 -2.0819E+01  7.966E-01  3.5361E+00  1.9024E+00
  1.100  1.6036E+01  4.3083E-01 -2.1279E+01  8.611E-01  3.6148E+00  1.9544E+00
  1.200  1.6026E+01  4.3207E-01 -2.1709E+01  9.207E-01  3.6950E+00  2.0102E+00
  1.300  1.6011E+01  4.2830E-01 -2.2110E+01  9.742E-01  3.7754E+00  2.0695E+00
  1.400  1.5991E+01  4.2042E-01 -2.2484E+01  1.021E+00  3.8549E+00  2.1324E+00
  1.500  1.5964E+01  4.0927E-01 -2.2831E+01  1.062E+00  3.9327E+00  2.1986E+00
  1.600  1.5930E+01  3.9564E-01 -2.3151E+01  1.096E+00  4.0079E+00  2.2679E+00
  1.700  1.5890E+01  3.8014E-01 -2.3446E+01  1.124E+00  4.0802E+00  2.3404E+00
  1.800  1.5842E+01  3.6338E-01 -2.3715E+01  1.147E+00  4.1496E+00  2.4160E+00
  1.900  1.5787E+01  3.4581E-01 -2.3957E+01  1.164E+00  4.2163E+00  2.4946E+00
  2.000  1.5726E+01  3.2782E-01 -2.4172E+01  1.178E+00  4.2812E+00  2.5763E+00
  2.200  1.5587E+01  2.9197E-01 -2.4515E+01  1.190E+00  4.4121E+00  2.7492E+00
  2.400  1.5405E+01  2.5698E-01 -2.4674E+01  1.183E+00  4.5665E+00  2.9404E+00
  2.600  1.5182E+01  2.1446E-01 -2.4660E+01  1.298E+00  3.9639E+00  3.1507E+00
  2.800  1.5098E+01  1.8414E-01 -2.5217E+01  1.399E+00  3.5431E+00  3.3061E+00
  3.000  1.5053E+01  1.6156E-01 -2.5917E+01  1.441E+00  3.3893E+00  3.4489E+00
  3.200  1.4989E+01  1.4281E-01 -2.6509E+01  1.454E+00  3.3349E+00  3.6024E+00
  3.400  1.4921E+01  1.2707E-01 -2.7049E+01  1.452E+00  3.3395E+00  3.7611E+00
  3.600  1.4849E+01  1.1386E-01 -2.7536E+01  1.439E+00  3.3820E+00  3.9244E+00
  3.800  1.4772E+01  1.0197E-01 -2.7973E+01  1.421E+00  3.4508E+00  4.0919E+00
  4.000  1.4692E+01  9.0620E-02 -2.8364E+01  1.400E+00  3.5395E+00  4.2631E+00
  4.200  1.4605E+01  8.0018E-02 -2.8717E+01  1.375E+00  3.6437E+00  4.4377E+00
  4.400  1.4512E+01  6.9882E-02 -2.9037E+01  1.350E+00  3.7605E+00  4.6151E+00
  4.600  1.4411E+01  6.0410E-02 -2.9329E+01  1.320E+00  3.8878E+00  4.7951E+00
  4.800  1.4303E+01  5.1504E-02 -2.9597E+01  1.293E+00  4.0241E+00  4.9773E+00
  5.000  1.4190E+01  4.3489E-02 -2.9847E+01  1.263E+00  4.1682E+00  5.1615E+00
  5.200  1.4071E+01  3.6174E-02 -3.0083E+01  1.237E+00  4.3192E+00  5.3474E+00
  5.400  1.3950E+01  2.9723E-02 -3.0310E+01  1.210E+00  4.4763E+00  5.5348E+00
  5.600  1.3827E+01  2.4030E-02 -3.0533E+01  1.186E+00  4.6390E+00  5.7236E+00
  5.800  1.3705E+01  1.9108E-02 -3.0759E+01  1.164E+00  4.8067E+00  5.9135E+00
  6.000  1.3583E+01  1.4936E-02 -3.0998E+01  1.146E+00  4.9790E+00  6.1044E+00
  6.500  1.3286E+01  7.6168E-03 -3.1735E+01  1.107E+00  5.4276E+00  6.5853E+00
  7.000  1.2995E+01  4.8997E-03 -3.2867E+01  1.078E+00  5.8986E+00  7.0704E+00
  7.500  1.2708E+01  5.7998E-03 -3.3817E+01  1.054E+00  6.3888E+00  7.5586E+00
  8.000  1.2429E+01  7.0447E-03 -3.4362E+01  1.034E+00  6.8958E+00  8.0491E+00
  8.500  1.2164E+01  7.6524E-03 -3.4753E+01  1.018E+00  7.4178E+00  8.5415E+00
  9.000  1.1910E+01  7.6891E-03 -3.5077E+01  1.007E+00  7.9535E+00  9.0352E+00
  9.500  1.1663E+01  7.4019E-03 -3.5360E+01  9.959E-01  8.5016E+00  9.5299E+00
 10.000  1.1423E+01  6.9860E-03 -3.5613E+01  9.848E-01  9.0611E+00  1.0026E+01
 11.000  1.0966E+01  6.0172E-03 -3.6059E+01  9.663E-01  1.0211E+01  1.1019E+01
 12.000  1.0535E+01  4.8667E-03 -3.6460E+01  9.541E-01  1.1399E+01  1.2014E+01
 13.000  1.0131E+01  3.6908E-03 -3.6820E+01  9.446E-01  1.2619E+01  1.3010E+01
 14.000  9.7518E+00  2.7451E-03 -3.7110E+01  9.394E-01  1.3869E+01  1.4008E+01
 15.000  9.3953E+00  2.0929E-03 -3.7302E+01  9.355E-01  1.5146E+01  1.5005E+01
 16.000  9.0608E+00  1.7091E-03 -3.7427E+01  9.335E-01  1.6447E+01  1.6004E+01
 17.000  8.7445E+00  1.5520E-03 -3.7565E+01  9.322E-01  1.7771E+01  1.7003E+01
 18.000  8.4455E+00  1.4585E-03 -3.7755E+01  9.319E-01  1.9115E+01  1.8002E+01
 19.000  8.1633E+00  1.3096E-03 -3.7978E+01  9.320E-01  2.0479E+01  1.9001E+01
 20.000  7.8959E+00  1.1562E-03 -3.8201E+01  9.320E-01  2.1861E+01  2.0000E+01
